0.088078
0.088078
0.083839
0.083839
0.076673
0.076673
0.072612
0.072612
0.069662
0.069662
0.066534
0.066534
0.061209
0.061209
0.057253
0.057253
0.057738
0.057738
0.060922
0.060922
0.063562
0.063562
0.066436
0.066436
0.068095
0.068095
0.070534
0.070534
0.070290
0.070290
0.065177
0.065177
0.061861
0.061861
0.061282
0.061282
0.061843
0.061843
0.064810
0.064810
0.068712
0.068712
0.074941
0.074941
0.077882
0.077882
0.079063
0.079063
0.077623
0.077623
0.072440
0.072440
0.065547
0.065547
0.056664
0.056664
0.051392
0.051392
0.046415
0.046415
0.042654
0.042654
0.039354
0.039354
0.037246
0.037246
0.038396
0.038396
0.042278
0.042278
0.045245
0.045245
0.049111
0.049111
0.052446
0.052446
0.058079
0.058079
0.063067
0.063067
0.065466
0.065466
0.067400
0.067400
0.067822
0.067822
0.070165
0.070165
0.070694
0.070694
0.070711
0.070711
0.069176
0.069176
0.070303
0.070303
0.070389
0.070389
0.067230
0.067230
0.063045
0.063045
0.059467
0.059467
0.055354
0.055354
0.048846
0.048846
0.044765
0.044765
0.042402
0.042402
0.041640
0.041640
0.040310
0.040310
0.039763
0.039763
0.039465
0.039465
0.039384
0.039384
0.038600
0.038600
0.037693
0.037693
0.037189
0.037189
0.037986
0.037986
0.039893
0.039893
0.042109
0.042109
0.045280
0.045280
0.047874
0.047874
0.053148
0.053148
0.061128
0.061128
0.068099
0.068099
0.073761
0.073761
0.078550
0.078550
0.084469
0.084469
0.083431
0.083431
0.074516
0.074516
0.066061
0.066061
0.058749
0.058749
0.051204
0.051204
0.043317
0.043317
0.038356
0.038356
0.037669
0.037669
0.036769
0.036769
0.035971
0.035971
0.037531
0.037531
0.038387
0.038387
0.040417
0.040417
0.039975
0.039975
0.041522
0.041522
0.043580
0.043580
0.043401
0.043401
0.043637
0.043637
0.043422
0.043422
0.044878
0.044878
0.044805
0.044805
0.042602
0.042602
0.040536
0.040536
0.038508
0.038508
0.036759
0.036759
0.035355
0.035355
0.034686
0.034686
0.036279
0.036279
0.039130
0.039130
0.041367
0.041367
0.043474
0.043474
0.045659
0.045659
0.048566
0.048566
0.050485
0.050485
0.051882
0.051882
0.053154
0.053154
0.054671
0.054671
0.056973
0.056973
0.055575
0.055575
0.053316
0.053316
0.050667
0.050667
0.047166
0.047166
0.044149
0.044149
0.042100
0.042100
0.041782
0.041782
0.043245
0.043245
0.046765
0.046765
0.054638
0.054638
0.061687
0.061687
0.067749
0.067749
0.071542
0.071542
0.072685
0.072685
0.074542
0.074542
0.072721
0.072721
0.069141
0.069141
0.065053
0.065053
0.064796
0.064796
0.066816
0.066816
0.065370
0.065370
0.063507
0.063507
0.064298
0.064298
0.065008
0.065008
0.062568
0.062568
0.062463
0.062463
0.063590
0.063590
0.067284
0.067284
0.066800
0.066800
0.066946
0.066946
0.069154
0.069154
0.069477
0.069477
0.069900
0.069900
0.066650
0.066650
0.066232
0.066232
0.072386
0.072386
0.075496
0.075496
0.077861
0.077861
0.086979
0.086979
0.097642
0.097642
0.109003
0.109003
0.100403
0.100403
0.095241
0.095241
0.089205
0.089205
0.074725
0.074725
0.060839
0.060839
0.047162
0.047162
0.044754
0.044754
0.041186
0.041186
0.037782
0.037782
0.035884
0.035884
0.037723
0.037723
0.040322
0.040322
0.043225
0.043225
0.045886
0.045886
0.047731
0.047731
0.048054
0.048054
0.045231
0.045231
0.041764
0.041764
0.039179
0.039179
0.038068
0.038068
0.037596
0.037596
0.040599
0.040599
0.042655
0.042655
0.045647
0.045647
0.047741
0.047741
0.050277
0.050277
0.053526
0.053526
0.053784
0.053784
0.056552
0.056552
0.057508
0.057508
0.059066
0.059066
0.059178
0.059178
0.058566
0.058566
0.058521
0.058521
0.057146
0.057146
0.057504
0.057504
0.057879
0.057879
0.058266
0.058266
0.059111
0.059111
0.061164
0.061164
0.062962
0.062962
0.062071
0.062071
0.061462
0.061462
0.059362
0.059362
0.057290
0.057290
0.054518
0.054518
0.050839
0.050839
0.053485
0.053485
0.056059
0.056059
0.059930
0.059930
0.062758
0.062758
0.065249
0.065249
0.068752
0.068752
0.065620
0.065620
0.064994
0.064994
0.065478
0.065478
0.066889
0.066889
0.067801
0.067801
0.068366
0.068366
0.066779
0.066779
0.063188
0.063188
0.059277
0.059277
0.056379
0.056379
0.052305
0.052305
0.046528
0.046528
0.049197
0.049197
0.049900
0.049900
0.052484
0.052484
0.052966
0.052966
0.055758
0.055758
0.059839
0.059839
0.058706
0.058706
0.057854
0.057854
0.055211
0.055211
0.054629
0.054629
0.050168
0.050168
0.045151
0.045151
0.040577
0.040577
0.038193
0.038193
0.035806
0.035806
0.035568
0.035568
0.038128
0.038128
0.041395
0.041395
0.044552
0.044552
0.046656
0.046656
0.051543
0.051543
0.055068
0.055068
0.059234
0.059234
0.062545
0.062545
0.066564
0.066564
0.072682
0.072682
0.073199
0.073199
0.068470
0.068470
0.063314
0.063314
0.063038
0.063038
0.062001
0.062001
0.059747
0.059747
0.059158
0.059158
0.063076
0.063076
0.062967
0.062967
0.058820
0.058820
0.055418
0.055418
0.048917
0.048917
0.043275
0.043275
0.036695
0.036695
0.035828
0.035828
0.035245
0.035245
0.034167
0.034167
0.037295
0.037295
0.040188
0.040188
0.042279
0.042279
0.044646
0.044646
0.044081
0.044081
0.043912
0.043912
0.042319
0.042319
0.043057
0.043057
0.047837
0.047837
0.068618
0.068618
0.088887
0.088887
0.127513
0.127513
0.165976
0.165976
0.205014
0.205014
0.242388
0.242388
0.264378
0.264378
0.249246
0.249246
0.213442
0.213442
0.176401
0.176401
0.138686
0.138686
0.097915
0.097915
0.054177
0.054177
0.051236
0.051236
0.050965
0.050965
0.049574
0.049574
0.046231
0.046231
0.044783
0.044783
0.044932
0.044932
0.044528
0.044528
0.043587
0.043587
0.045454
0.045454
0.046780
0.046780
0.046715
0.046715
0.045202
0.045202
0.043576
0.043576
0.042429
0.042429
0.040811
0.040811
0.041152
0.041152
0.042947
0.042947
0.044487
0.044487
0.046002
0.046002
0.047614
0.047614
0.046761
0.046761
0.045149
0.045149
0.041779
0.041779
0.042167
0.042167
0.041957
0.041957
0.040837
0.040837
0.042377
0.042377
0.043214
0.043214
0.042302
0.042302
0.038660
0.038660
0.037071
0.037071
0.037153
0.037153
0.038336
0.038336
0.039632
0.039632
0.042694
0.042694
0.044366
0.044366
0.044592
0.044592
0.043137
0.043137
0.040124
0.040124
0.039135
0.039135
0.041851
0.041851
0.045405
0.045405
0.048326
0.048326
0.056602
0.056602
0.065973
0.065973
0.073605
0.073605
0.077847
0.077847
0.087145
0.087145
0.091713
0.091713
0.091542
0.091542
0.089262
0.089262
0.083820
0.083820
0.079518
0.079518
0.068803
0.068803
0.063455
0.063455
0.058038
0.058038
0.053731
0.053731
0.051491
0.051491
0.049051
0.049051
0.048199
0.048199
0.048959
0.048959
0.047251
0.047251
0.045407
0.045407
0.046426
0.046426
0.043775
0.043775
0.042146
0.042146
0.040008
0.040008
0.040157
0.040157
0.041002
0.041002
0.037814
0.037814
0.038500
0.038500
0.040303
0.040303
0.041083
0.041083
0.042069
0.042069
0.043865
0.043865
0.047866
0.047866
0.051969
0.051969
0.054652
0.054652
0.054132
0.054132
0.053231
0.053231
0.051030
0.051030
0.048407
0.048407
0.046597
0.046597
0.044945
0.044945
0.046544
0.046544
0.048947
0.048947
0.052143
0.052143
0.055086
0.055086
0.054408
0.054408
0.053201
0.053201
0.051916
0.051916
0.050284
0.050284
0.048549
0.048549
0.049521
0.049521
0.053212
0.053212
0.057469
0.057469
0.062015
0.062015
0.064600
0.064600
0.067349
0.067349
0.066811
0.066811
0.065859
0.065859
0.064652
0.064652
0.064600
0.064600
0.061788
0.061788
0.058442
0.058442
0.052895
0.052895
0.047837
0.047837
0.048979
0.048979
0.048842
0.048842
0.055903
0.055903
0.062643
0.062643
0.072708
0.072708
0.082854
0.082854
0.081098
0.081098
0.078559
0.078559
0.073335
0.073335
0.066946
0.066946
0.060698
0.060698
0.052357
0.052357
0.049311
0.049311
0.049004
0.049004
0.049155
0.049155
0.049861
0.049861
0.050088
0.050088
0.051696
0.051696
0.053636
0.053636
0.052932
0.052932
0.052070
0.052070
0.050978
0.050978
0.051540
0.051540
0.052930
0.052930
0.054257
0.054257
0.054698
0.054698
0.053592
0.053592
0.054301
0.054301
0.055260
0.055260
0.055214
0.055214
0.054981
0.054981
0.056266
0.056266
0.059636
0.059636
0.061523
0.061523
0.060252
0.060252
0.056962
0.056962
0.053353
0.053353
0.056615
0.056615
0.057249
0.057249
0.059331
0.059331
0.064017
0.064017
0.075835
0.075835
0.087692
0.087692
0.083947
0.083947
0.081032
0.081032
0.076447
0.076447
0.070659
0.070659
0.060071
0.060071
0.048683
0.048683
0.048868
0.048868
0.046323
0.046323
0.042639
0.042639
0.038084
0.038084
0.034032
0.034032
0.031243
0.031243
0.025351
0.025351
0.023473
0.023473
0.023708
0.023708
0.026914
0.026914
0.034859
0.034859
0.043367
0.043367
0.051443
0.051443
0.057207
0.057207
0.061066
0.061066
0.062369
0.062369
0.057292
0.057292
0.050535
0.050535
0.045684
0.045684
0.042478
0.042478
0.042005
0.042005
0.043219
0.043219
0.046721
0.046721
0.052203
0.052203
0.056378
0.056378
0.057282
0.057282
0.056260
0.056260
0.055692
0.055692
0.053693
0.053693
0.049770
0.049770
0.046757
0.046757
0.047188
0.047188
0.048279
0.048279
0.050487
0.050487
0.052157
0.052157
0.055201
0.055201
0.055429
0.055429
0.057205
0.057205
0.057624
0.057624
0.053912
0.053912
0.051131
0.051131
0.048221
0.048221
0.048276
0.048276
0.046423
0.046423
0.046921
0.046921
0.049897
0.049897
0.052553
0.052553
0.054921
0.054921
0.055591
0.055591
0.055011
0.055011
0.051760
0.051760
0.047356
0.047356
0.047486
0.047486
0.047316
0.047316
0.048113
0.048113
0.051389
0.051389
0.065409
0.065409
0.079483
0.079483
0.076322
0.076322
0.073826
0.073826
0.071194
0.071194
0.068449
0.068449
0.056871
0.056871
0.045195
0.045195
0.046301
0.046301
0.046193
0.046193
0.046469
0.046469
0.043902
0.043902
0.041126
0.041126
0.038273
0.038273
0.035577
0.035577
0.033168
0.033168
0.030062
0.030062
0.029360
0.029360
0.029541
0.029541
0.030533
0.030533
0.031328
0.031328
0.032507
0.032507
0.034004
0.034004
0.034998
0.034998
0.038643
0.038643
0.041153
0.041153
0.043519
0.043519
0.045754
0.045754
0.047116
0.047116
0.048330
0.048330
0.044340
0.044340
0.040796
0.040796
0.038524
0.038524
0.036615
0.036615
0.034279
0.034279
0.032215
0.032215
0.032036
0.032036
0.030753
0.030753
0.028853
0.028853
0.028674
0.028674
0.033803
0.033803
0.038560
0.038560
0.042986
0.042986
0.049537
0.049537
0.055043
0.055043
0.059071
0.059071
0.057032
0.057032
0.054688
0.054688
0.053583
0.053583
0.047894
0.047894
0.042471
0.042471
0.036764
0.036764
0.034160
0.034160
0.032293
0.032293
0.029991
0.029991
0.031455
0.031455
0.032811
0.032811
0.034638
0.034638
0.036760
0.036760
0.039850
0.039850
0.042243
0.042243
0.044184
0.044184
0.046682
0.046682
0.049006
0.049006
0.048557
0.048557
0.047269
0.047269
0.045692
0.045692
0.045575
0.045575
0.046261
0.046261
0.046265
0.046265
0.047951
0.047951
0.049039
0.049039
0.051451
0.051451
0.052518
0.052518
0.052573
0.052573
0.049806
0.049806
0.046988
0.046988
0.044566
0.044566
0.041601
0.041601
0.038312
0.038312
0.035451
0.035451
0.036303
0.036303
0.037776
0.037776
0.039545
0.039545
0.039670
0.039670
0.039764
0.039764
0.039494
0.039494
0.038647
0.038647
0.036867
0.036867
0.034176
0.034176
0.033655
0.033655
0.033409
0.033409
0.033371
0.033371
0.033468
0.033468
0.033390
0.033390
0.034039
0.034039
0.032523
0.032523
0.031885
0.031885
0.030972
0.030972
0.029288
0.029288
0.028313
0.028313
0.027521
0.027521
0.028373
0.028373
0.028051
0.028051
0.027509
0.027509
0.027374
0.027374
0.026612
0.026612
0.025844
0.025844
0.025687
0.025687
0.026486
0.026486
0.028990
0.028990
0.031761
0.031761
0.032756
0.032756
0.034358
0.034358
0.035003
0.035003
0.037518
0.037518
0.039552
0.039552
0.041037
0.041037
0.045479
0.045479
0.048385
0.048385
0.050464
0.050464
0.050298
0.050298
0.049764
0.049764
0.049716
0.049716
0.048276
0.048276
0.046500
0.046500
0.045159
0.045159
0.044961
0.044961
0.044947
0.044947
0.046269
0.046269
0.049868
0.049868
0.056114
0.056114
0.061341
0.061341
0.061623
0.061623
0.060158
0.060158
0.056622
0.056622
0.051683
0.051683
0.044097
0.044097
0.037210
0.037210
0.033964
0.033964
0.032435
0.032435
0.032046
0.032046
0.032167
0.032167
0.034072
0.034072
0.036621
0.036621
0.039486
0.039486
0.043512
0.043512
0.048495
0.048495
0.051773
0.051773
0.054090
0.054090
0.056071
0.056071
0.056303
0.056303
0.053577
0.053577
0.051091
0.051091
0.047891
0.047891
0.043900
0.043900
0.040419
0.040419
0.038662
0.038662
0.038325
0.038325
0.034857
0.034857
0.033009
0.033009
0.032456
0.032456
0.031818
0.031818
0.031210
0.031210
0.032436
0.032436
0.036430
0.036430
0.040455
0.040455
0.043225
0.043225
0.045413
0.045413
0.047355
0.047355
0.047745
0.047745
0.046930
0.046930
0.046287
0.046287
0.046897
0.046897
0.049030
0.049030
0.050992
0.050992
0.052586
0.052586
0.052553
0.052553
0.051512
0.051512
0.051543
0.051543
0.050539
0.050539
0.049598
0.049598
0.050409
0.050409
0.053269
0.053269
0.058467
0.058467
0.063831
0.063831
0.063717
0.063717
0.065761
0.065761
0.065417
0.065417
0.065750
0.065750
0.064603
0.064603
0.062502
0.062502
0.061109
0.061109
0.062670
0.062670
0.065244
0.065244
0.062335
0.062335
0.060567
0.060567
0.056607
0.056607
0.058725
0.058725
0.053313
0.053313
0.047258
0.047258
0.052849
0.052849
0.057181
0.057181
0.063832
0.063832
0.069856
0.069856
0.077943
0.077943
0.079735
0.079735
0.071565
0.071565
0.071770
0.071770
0.069889
0.069889
0.066290
0.066290
0.064500
0.064500
0.069501
0.069501
0.079938
0.079938
0.080780
0.080780
0.077080
0.077080
0.072752
0.072752
0.065554
0.065554
0.058471
0.058471
0.048063
0.048063
0.038788
0.038788
0.037995
0.037995
0.038551
0.038551
0.041785
0.041785
0.044753
0.044753
0.048247
0.048247
0.049172
0.049172
0.047679
0.047679
0.046572
0.046572
0.043369
0.043369
0.039225
0.039225
0.034910
0.034910
0.032984
0.032984
0.031566
0.031566
0.029947
0.029947
0.028956
0.028956
0.028749
0.028749
0.029906
0.029906
0.031043
0.031043
0.032351
0.032351
0.033836
0.033836
0.033519
0.033519
0.033584
0.033584
0.031400
0.031400
0.029358
0.029358
0.026263
0.026263
0.023035
0.023035
0.022023
0.022023
0.021577
0.021577
0.022211
0.022211
0.022844
0.022844
0.023496
0.023496
0.024137
0.024137
0.024892
0.024892
0.025366
0.025366
0.025993
0.025993
0.026259
0.026259
0.026793
0.026793
0.027621
0.027621
0.028117
0.028117
0.028075
0.028075
0.028504
0.028504
0.034496
0.034496
0.038610
0.038610
0.041767
0.041767
0.044505
0.044505
0.046366
0.046366
0.052329
0.052329
0.052655
0.052655
0.055150
0.055150
0.060442
0.060442
0.065723
0.065723
0.071047
0.071047
0.069472
0.069472
0.066671
0.066671
0.063823
0.063823
0.059028
0.059028
0.054916
0.054916
0.051924
0.051924
0.050548
0.050548
0.051236
0.051236
0.051903
0.051903
0.052923
0.052923
0.053810
0.053810
0.053629
0.053629
0.052137
0.052137
0.049611
0.049611
0.046577
0.046577
0.043714
0.043714
0.040777
0.040777
0.038837
0.038837
0.038204
0.038204
0.038485
0.038485
0.040584
0.040584
0.041868
0.041868
0.043828
0.043828
0.045937
0.045937
0.048434
0.048434
0.051057
0.051057
0.051984
0.051984
0.051968
0.051968
0.050794
0.050794
0.047439
0.047439
0.044128
0.044128
0.040181
0.040181
0.036413
0.036413
0.033781
0.033781
0.030447
0.030447
0.029802
0.029802
0.028658
0.028658
0.029864
0.029864
0.031966
0.031966
0.033331
0.033331
0.035446
0.035446
0.036769
0.036769
0.038531
0.038531
0.038595
0.038595
0.037567
0.037567
0.040905
0.040905
0.040759
0.040759
0.040998
0.040998
0.038659
0.038659
0.035904
0.035904
0.033210
0.033210
0.027023
0.027023
0.024407
0.024407
0.024132
0.024132
0.027410
0.027410
0.030594
0.030594
0.033807
0.033807
0.036519
0.036519
0.039815
0.039815
0.039285
0.039285
0.038009
0.038009
0.036664
0.036664
0.036261
0.036261
0.035964
0.035964
0.035444
0.035444
0.036377
0.036377
0.036904
0.036904
0.036862
0.036862
0.035719
0.035719
0.035058
0.035058
0.037188
0.037188
0.038515
0.038515
0.041219
0.041219
0.044086
0.044086
0.049522
0.049522
0.054502
0.054502
0.055397
0.055397
0.057364
0.057364
0.057264
0.057264
0.056301
0.056301
0.052986
0.052986
0.052656
0.052656
0.054056
0.054056
0.052929
0.052929
0.053005
0.053005
0.055421
0.055421
0.059583
0.059583
0.060137
0.060137
0.060925
0.060925
0.057574
0.057574
0.053136
0.053136
0.048644
0.048644
0.042472
0.042472
0.037147
0.037147
0.043346
0.043346
0.054555
0.054555
0.066937
0.066937
0.070504
0.070504
0.073489
0.073489
0.074232
0.074232
0.061815
0.061815
0.050616
0.050616
0.038812
0.038812
0.035255
0.035255
0.032282
0.032282
0.030843
0.030843
0.030024
0.030024
0.030367
0.030367
0.031341
0.031341
0.032041
0.032041
0.032493
0.032493
0.034116
0.034116
0.034815
0.034815
0.034648
0.034648
0.037470
0.037470
0.039072
0.039072
0.041043
0.041043
0.043481
0.043481
0.046056
0.046056
0.049223
0.049223
0.050369
0.050369
0.051406
0.051406
0.049799
0.049799
0.047105
0.047105
0.044288
0.044288
0.041625
0.041625
0.039877
0.039877
0.040456
0.040456
0.045316
0.045316
0.052622
0.052622
0.056300
0.056300
0.059137
0.059137
0.060709
0.060709
0.061486
0.061486
0.060976
0.060976
0.057605
0.057605
0.059141
0.059141
0.060571
0.060571
0.060980
0.060980
0.063199
0.063199
0.066930
0.066930
0.072281
0.072281
0.077877
0.077877
0.080706
0.080706
0.083817
0.083817
0.085099
0.085099
0.083984
0.083984
0.079814
0.079814
0.074457
0.074457
0.071692
0.071692
0.069698
0.069698
0.067713
0.067713
0.064600
0.064600
0.064317
0.064317
0.064890
0.064890
0.065301
0.065301
0.066651
0.066651
0.068241
0.068241
0.070647
0.070647
0.073795
0.073795
0.076302
0.076302
0.076945
0.076945
0.076723
0.076723
0.076188
0.076188
0.075915
0.075915
0.073231
0.073231
0.070960
0.070960
0.071582
0.071582
0.069182
0.069182
0.064782
0.064782
0.062479
0.062479
0.061180
0.061180
0.059890
0.059890
0.055444
0.055444
0.051384
0.051384
0.049483
0.049483
0.044992
0.044992
0.041402
0.041402
0.038585
0.038585
0.036264
0.036264
0.037603
0.037603
0.039631
0.039631
0.042338
0.042338
0.042913
0.042913
0.043350
0.043350
0.045540
0.045540
0.045040
0.045040
0.043475
0.043475
0.041960
0.041960
0.042461
0.042461
0.042375
0.042375
0.041802
0.041802
0.042093
0.042093
0.042309
0.042309
0.042945
0.042945
0.042112
0.042112
0.041680
0.041680
0.042442
0.042442
0.041673
0.041673
0.040897
0.040897
0.039942
0.039942
0.042014
0.042014
0.043343
0.043343
0.043818
0.043818
0.049305
0.049305
0.054116
0.054116
0.058983
0.058983
0.060095
0.060095
0.061816
0.061816
0.062317
0.062317
0.058938
0.058938
0.054458
0.054458
0.049447
0.049447
0.045675
0.045675
0.042783
0.042783
0.038394
0.038394
0.034430
0.034430
0.036355
0.036355
0.043508
0.043508
0.048434
0.048434
0.051076
0.051076
0.055719
0.055719
0.059535
0.059535
0.059069
0.059069
0.054801
0.054801
0.055110
0.055110
0.056511
0.056511
0.054745
0.054745
0.052736
0.052736
0.051752
0.051752
0.050625
0.050625
0.047680
0.047680
0.044304
0.044304
0.044667
0.044667
0.046871
0.046871
0.048265
0.048265
0.048919
0.048919
0.049241
0.049241
0.053977
0.053977
0.059027
0.059027
0.066870
0.066870
0.070785
0.070785
0.074454
0.074454
0.077808
0.077808
0.076640
0.076640
0.074915
0.074915
0.066585
0.066585
0.062189
0.062189
0.058490
0.058490
0.053451
0.053451
0.051472
0.051472
0.050001
0.050001
0.050571
0.050571
0.051498
0.051498
0.051180
0.051180
0.051028
0.051028
0.047864
0.047864
0.042781
0.042781
0.037870
0.037870
0.033016
0.033016
0.029003
0.029003
0.026115
0.026115
0.023584
0.023584
0.023136
0.023136
0.023362
0.023362
0.024256
0.024256
0.025521
0.025521
0.028007
0.028007
0.030749
0.030749
0.033820
0.033820
0.037237
0.037237
0.039466
0.039466
0.040947
0.040947
0.042607
0.042607
0.047193
0.047193
0.058932
0.058932
0.070569
0.070569
0.081779
0.081779
0.093439
0.093439
0.102903
0.102903
0.104052
0.104052
0.096026
0.096026
0.087013
0.087013
0.078211
0.078211
0.068233
0.068233
0.059158
0.059158
0.054965
0.054965
0.053513
0.053513
0.056779
0.056779
0.056536
0.056536
0.056459
0.056459
0.057134
0.057134
0.058602
0.058602
0.059757
0.059757
0.054071
0.054071
0.052383
0.052383
0.050644
0.050644
0.048837
0.048837
0.047260
0.047260
0.044671
0.044671
0.045249
0.045249
0.045201
0.045201
0.047357
0.047357
0.053438
0.053438
0.058562
0.058562
0.063818
0.063818
0.067058
0.067058
0.072967
0.072967
0.076496
0.076496
0.073670
0.073670
0.071495
0.071495
0.067810
0.067810
0.066450
0.066450
0.062992
0.062992
0.059558
0.059558
0.058926
0.058926
0.057283
0.057283
0.056057
0.056057
0.054356
0.054356
0.052602
0.052602
0.049218
0.049218
0.045112
0.045112
0.042534
0.042534
0.043371
0.043371
0.046520
0.046520
0.048599
0.048599
0.052422
0.052422
0.056186
0.056186
0.059979
0.059979
0.059850
0.059850
0.056269
0.056269
0.052991
0.052991
0.054049
0.054049
0.055589
0.055589
0.056323
0.056323
0.058818
0.058818
0.062665
0.062665
0.067333
0.067333
0.064808
0.064808
0.062220
0.062220
0.057781
0.057781
0.052689
0.052689
0.047207
0.047207
0.042651
0.042651
0.041642
0.041642
0.040470
0.040470
0.041427
0.041427
0.041788
0.041788
0.042138
0.042138
0.042416
0.042416
0.043264
0.043264
0.042386
0.042386
0.040046
0.040046
0.038543
0.038543
0.038460
0.038460
0.036563
0.036563
0.037208
0.037208
0.038226
0.038226
0.041124
0.041124
0.045028
0.045028
0.045115
0.045115
0.049274
0.049274
0.049546
0.049546
0.049726
0.049726
0.050070
0.050070
0.049485
0.049485
0.051751
0.051751
0.052416
0.052416
0.055659
0.055659
0.058578
0.058578
0.060530
0.060530
0.061762
0.061762
0.062199
0.062199
0.059053
0.059053
0.053571
0.053571
0.049404
0.049404
0.046156
0.046156
0.043146
0.043146
0.045044
0.045044
0.043771
0.043771
0.043784
0.043784
0.047616
0.047616
0.049843
0.049843
0.052807
0.052807
0.050425
0.050425
0.053811
0.053811
0.056881
0.056881
0.054002
0.054002
0.051260
0.051260
0.048654
0.048654
0.046975
0.046975
0.044527
0.044527
0.041516
0.041516
0.039576
0.039576
0.040886
0.040886
0.040574
0.040574
0.039521
0.039521
0.037689
0.037689
0.035243
0.035243
0.033859
0.033859
0.030455
0.030455
0.028406
0.028406
0.026738
0.026738
0.025956
0.025956
0.026785
0.026785
0.028136
0.028136
0.029429
0.029429
0.030308
0.030308
0.031565
0.031565
0.032736
0.032736
0.032465
0.032465
0.031162
0.031162
0.029369
0.029369
0.028905
0.028905
0.028805
0.028805
0.029849
0.029849
0.031886
0.031886
0.034756
0.034756
0.038320
0.038320
0.043473
0.043473
0.047978
0.047978
0.050818
0.050818
0.052803
0.052803
0.054708
0.054708
0.055751
0.055751
0.053737
0.053737
0.051816
0.051816
0.051162
0.051162
0.051216
0.051216
0.052253
0.052253
0.054809
0.054809
0.057074
0.057074
0.057205
0.057205
0.055892
0.055892
0.054491
0.054491
0.049433
0.049433
0.042702
0.042702
0.036654
0.036654
0.034208
0.034208
0.032382
0.032382
0.030202
0.030202
0.031565
0.031565
0.033787
0.033787
0.036143
0.036143
0.036723
0.036723
0.037283
0.037283
0.038416
0.038416
0.038109
0.038109
0.036861
0.036861
0.035221
0.035221
0.036479
0.036479
0.038219
0.038219
0.039893
0.039893
0.042365
0.042365
0.044905
0.044905
0.047271
0.047271
0.046640
0.046640
0.046675
0.046675
0.047630
0.047630
0.047118
0.047118
0.046930
0.046930
0.047742
0.047742
0.048962
0.048962
0.047861
0.047861
0.045694
0.045694
0.044005
0.044005
0.042629
0.042629
0.040990
0.040990
0.037693
0.037693
0.035265
0.035265
0.032829
0.032829
0.031046
0.031046
0.027994
0.027994
0.025590
0.025590
0.025377
0.025377
0.025895
0.025895
0.027767
0.027767
0.030013
0.030013
0.034228
0.034228
0.037633
0.037633
0.041960
0.041960
0.045986
0.045986
0.046989
0.046989
0.046646
0.046646
0.043351
0.043351
0.042317
0.042317
0.040380
0.040380
0.038045
0.038045
0.038451
0.038451
0.040119
0.040119
0.043156
0.043156
0.041118
0.041118
0.038609
0.038609
0.040431
0.040431
0.040691
0.040691
0.041485
0.041485
0.043031
0.043031
0.046195
0.046195
0.048692
0.048692
0.046965
0.046965
0.045946
0.045946
0.041452
0.041452
0.036787
0.036787
0.034007
0.034007
0.031895
0.031895
0.035802
0.035802
0.038129
0.038129
0.042054
0.042054
0.045353
0.045353
0.047509
0.047509
0.049126
0.049126
0.047434
0.047434
0.046814
0.046814
0.045230
0.045230
0.044803
0.044803
0.045533
0.045533
0.045700
0.045700
0.040791
0.040791
0.038157
0.038157
0.038738
0.038738
0.039807
0.039807
0.039876
0.039876
0.040933
0.040933
0.043860
0.043860
0.043916
0.043916
0.043050
0.043050
0.040908
0.040908
0.038598
0.038598
0.036064
0.036064
0.035481
0.035481
0.036019
0.036019
0.035748
0.035748
0.036171
0.036171
0.036473
0.036473
0.037461
0.037461
0.037276
0.037276
0.036413
0.036413
0.035269
0.035269
0.033558
0.033558
0.033029
0.033029
0.032874
0.032874
0.032391
0.032391
0.031146
0.031146
0.030084
0.030084
0.029241
0.029241
0.027407
0.027407
0.024587
0.024587
0.022212
0.022212
0.020889
0.020889
0.020112
0.020112
0.019465
0.019465
0.019450
0.019450
0.020326
0.020326
0.022837
0.022837
0.027642
0.027642
0.032794
0.032794
0.038443
0.038443
0.040242
0.040242
0.041043
0.041043
0.040514
0.040514
0.037108
0.037108
0.034819
0.034819
0.032822
0.032822
0.036435
0.036435
0.040488
0.040488
0.044985
0.044985
0.050086
0.050086
0.053245
0.053245
0.055334
0.055334
0.056147
0.056147
0.055879
0.055879
0.054281
0.054281
0.051463
0.051463
0.048198
0.048198
0.045949
0.045949
0.043275
0.043275
0.041018
0.041018
0.040212
0.040212
0.039933
0.039933
0.039539
0.039539
0.037511
0.037511
0.035141
0.035141
0.033663
0.033663
0.031399
0.031399
0.030088
0.030088
0.030748
0.030748
0.033620
0.033620
0.034815
0.034815
0.035400
0.035400
0.035539
0.035539
0.035670
0.035670
0.034139
0.034139
0.031489
0.031489
0.031473
0.031473
0.031812
0.031812
0.032509
0.032509
0.031901
0.031901
0.032746
0.032746
0.033550
0.033550
0.034027
0.034027
0.034596
0.034596
0.035227
0.035227
0.036288
0.036288
0.036514
0.036514
0.036050
0.036050
0.040001
0.040001
0.042886
0.042886
0.044896
0.044896
0.046801
0.046801
0.048463
0.048463
0.049717
0.049717
0.044287
0.044287
0.041152
0.041152
0.039228
0.039228
0.036690
0.036690
0.034866
0.034866
0.032645
0.032645
0.031933
0.031933
0.029882
0.029882
0.027677
0.027677
0.026956
0.026956
0.025268
0.025268
0.024678
0.024678
0.023787
0.023787
0.026596
0.026596
0.030902
0.030902
0.035102
0.035102
0.040106
0.040106
0.045282
0.045282
0.050533
0.050533
0.048486
0.048486
0.046007
0.046007
0.043594
0.043594
0.041132
0.041132
0.038384
0.038384
0.036234
0.036234
0.037202
0.037202
0.035399
0.035399
0.037940
0.037940
0.040215
0.040215
0.042927
0.042927
0.045218
0.045218
0.048044
0.048044
0.052049
0.052049
0.049635
0.049635
0.047302
0.047302
0.044479
0.044479
0.041591
0.041591
0.038571
0.038571
0.037158
0.037158
0.037206
0.037206
0.036946
0.036946
0.037562
0.037562
0.037661
0.037661
0.036941
0.036941
0.035213
0.035213
0.035182
0.035182
0.035106
0.035106
0.034023
0.034023
0.034239
0.034239
0.036196
0.036196
0.036913
0.036913
0.036851
0.036851
0.037932
0.037932
0.037818
0.037818
0.037043
0.037043
0.036254
0.036254
0.036128
0.036128
0.037573
0.037573
0.038481
0.038481
0.042684
0.042684
0.046271
0.046271
0.047532
0.047532
0.049093
0.049093
0.048714
0.048714
0.051490
0.051490
0.049468
0.049468
0.048240
0.048240
0.048263
0.048263
0.047397
0.047397
0.046468
0.046468
0.043278
0.043278
0.042133
0.042133
0.039920
0.039920
0.038851
0.038851
0.038490
0.038490
0.039739
0.039739
0.039915
0.039915
0.040513
0.040513
0.045060
0.045060
0.046198
0.046198
0.047291
0.047291
0.045496
0.045496
0.043606
0.043606
0.041394
0.041394
0.037471
0.037471
0.038413
0.038413
0.041262
0.041262
0.047460
0.047460
0.050020
0.050020
0.050923
0.050923
0.050454
0.050454
0.047694
0.047694
0.042650
0.042650
0.035759
0.035759
0.033014
0.033014
0.033254
0.033254
0.035480
0.035480
0.036881
0.036881
0.039742
0.039742
0.049389
0.049389
0.056449
0.056449
0.063654
0.063654
0.069792
0.069792
0.076870
0.076870
0.080144
0.080144
0.076252
0.076252
0.070553
0.070553
0.064464
0.064464
0.057046
0.057046
0.050266
0.050266
0.045548
0.045548
0.041852
0.041852
0.042146
0.042146
0.042576
0.042576
0.044454
0.044454
0.046169
0.046169
0.049685
0.049685
0.050752
0.050752
0.053918
0.053918
0.056632
0.056632
0.058147
0.058147
0.057009
0.057009
0.056329
0.056329
0.059143
0.059143
0.058881
0.058881
0.060120
0.060120
0.063689
0.063689
0.070309
0.070309
0.073005
0.073005
0.073643
0.073643
0.073733
0.073733
0.071102
0.071102
0.065161
0.065161
0.060933
0.060933
0.060046
0.060046
0.058363
0.058363
0.057400
0.057400
0.058224
0.058224
0.060683
0.060683
0.058643
0.058643
0.056026
0.056026
0.053445
0.053445
0.050690
0.050690
0.047492
0.047492
0.044408
0.044408
0.042115
0.042115
0.038084
0.038084
0.035783
0.035783
0.033395
0.033395
0.033245
0.033245
0.032200
0.032200
0.032269
0.032269
0.033598
0.033598
0.031961
0.031961
0.032849
0.032849
0.029585
0.029585
0.026652
0.026652
0.024473
0.024473
0.023308
0.023308
0.023736
0.023736
0.021720
0.021720
0.024838
0.024838
0.029927
0.029927
0.034004
0.034004
0.037326
0.037326
0.043196
0.043196
0.049971
0.049971
0.053897
0.053897
0.052913
0.052913
0.055455
0.055455
0.057506
0.057506
0.056711
0.056711
0.053149
0.053149
0.048338
0.048338
0.047345
0.047345
0.042761
0.042761
0.040359
0.040359
0.038923
0.038923
0.042077
0.042077
0.045995
0.045995
0.051100
0.051100
0.056039
0.056039
0.058815
0.058815
0.060962
0.060962
0.060148
0.060148
0.059936
0.059936
0.054830
0.054830
0.050098
0.050098
0.048658
0.048658
0.046224
0.046224
0.047695
0.047695
0.048666
0.048666
0.051991
0.051991
0.054976
0.054976
0.055941
0.055941
0.058228
0.058228
0.056233
0.056233
0.051573
0.051573
0.047436
0.047436
0.044114
0.044114
0.041136
0.041136
0.041814
0.041814
0.043965
0.043965
0.048167
0.048167
0.051981
0.051981
0.055222
0.055222
0.055407
0.055407
0.050907
0.050907
0.049831
0.049831
0.049232
0.049232
0.045215
0.045215
0.040807
0.040807
0.038307
0.038307
0.037653
0.037653
0.033615
0.033615
0.029771
0.029771
0.030879
0.030879
0.032144
0.032144
0.032078
0.032078
0.031541
0.031541
0.030413
0.030413
0.029015
0.029015
0.026381
0.026381
0.023506
0.023506
0.022296
0.022296
0.026165
0.026165
0.030573
0.030573
0.035293
0.035293
0.040447
0.040447
0.042869
0.042869
0.045381
0.045381
0.041399
0.041399
0.038814
0.038814
0.036203
0.036203
0.034181
0.034181
0.036450
0.036450
0.039026
0.039026
0.042388
0.042388
0.049051
0.049051
0.056442
0.056442
0.058646
0.058646
0.059536
0.059536
0.059749
0.059749
0.060555
0.060555
0.059768
0.059768
0.057977
0.057977
0.058924
0.058924
0.061221
0.061221
0.062858
0.062858
0.066337
0.066337
0.065990
0.065990
0.067036
0.067036
0.071140
0.071140
0.068243
0.068243
0.064765
0.064765
0.059184
0.059184
0.053414
0.053414
0.046932
0.046932
0.038920
0.038920
0.036496
0.036496
0.035511
0.035511
0.035133
0.035133
0.034293
0.034293
0.033067
0.033067
0.034957
0.034957
0.036943
0.036943
0.038992
0.038992
0.040233
0.040233
0.043432
0.043432
0.046703
0.046703
0.044159
0.044159
0.041684
0.041684
0.038720
0.038720
0.036292
0.036292
0.033835
0.033835
0.030745
0.030745
0.030330
0.030330
0.031134
0.031134
0.031417
0.031417
0.033215
0.033215
0.037888
0.037888
0.043383
0.043383
0.048047
0.048047
0.050642
0.050642
0.054908
0.054908
0.057728
0.057728
0.055210
0.055210
0.053244
0.053244
0.063964
0.063964
0.072347
0.072347
0.079121
0.079121
0.085910
0.085910
0.094211
0.094211
0.103167
0.103167
0.098543
0.098543
0.086936
0.086936
0.076761
0.076761
0.071988
0.071988
0.068532
0.068532
0.063542
0.063542
0.060544
0.060544
0.067374
0.067374
0.072810
0.072810
0.065471
0.065471
0.060809
0.060809
0.056307
0.056307
0.050748
0.050748
0.046630
0.046630
0.043208
0.043208
0.046893
0.046893
0.044274
0.044274
0.042385
0.042385
0.043315
0.043315
0.042619
0.042619
0.041268
0.041268
0.040005
0.040005
0.040374
0.040374
0.040110
0.040110
0.038421
0.038421
0.036855
0.036855
0.035964
0.035964
0.035269
0.035269
0.035952
0.035952
0.036029
0.036029
0.035031
0.035031
0.034195
0.034195
0.033422
0.033422
0.033659
0.033659
0.034423
0.034423
0.036214
0.036214
0.038462
0.038462
0.040266
0.040266
0.042201
0.042201
0.044409
0.044409
0.046263
0.046263
0.049240
0.049240
0.049676
0.049676
0.050524
0.050524
0.051083
0.051083
0.049838
0.049838
0.046986
0.046986
0.041917
0.041917
0.039222
0.039222
0.039651
0.039651
0.041006
0.041006
0.042559
0.042559
0.042941
0.042941
0.043707
0.043707
0.044468
0.044468
0.042955
0.042955
0.041875
0.041875
0.040432
0.040432
0.040904
0.040904
0.041215
0.041215
0.039302
0.039302
0.037650
0.037650
0.034212
0.034212
0.031986
0.031986
0.030005
0.030005
0.026708
0.026708
0.025820
0.025820
0.024540
0.024540
0.023512
0.023512
0.023828
0.023828
0.024476
0.024476
0.026086
0.026086
0.029931
0.029931
0.033341
0.033341
0.036653
0.036653
0.038319
0.038319
0.039668
0.039668
0.040539
0.040539
0.037340
0.037340
0.034468
0.034468
0.032083
0.032083
0.029598
0.029598
0.026939
0.026939
0.025666
0.025666
0.029209
0.029209
0.030315
0.030315
0.031913
0.031913
0.031961
0.031961
0.037176
0.037176
0.042033
0.042033
0.045894
0.045894
0.051225
0.051225
0.055086
0.055086
0.063283
0.063283
0.064253
0.064253
0.066361
0.066361
0.067129
0.067129
0.068502
0.068502
0.070322
0.070322
0.066713
0.066713
0.065365
0.065365
0.062350
0.062350
0.058443
0.058443
0.055162
0.055162
0.055806
0.055806
0.059155
0.059155
0.061954
0.061954
0.063854
0.063854
0.063844
0.063844
0.063197
0.063197
0.061063
0.061063
0.059454
0.059454
0.058504
0.058504
0.057864
0.057864
0.055196
0.055196
0.050730
0.050730
0.045250
0.045250
0.038846
0.038846
0.032698
0.032698
0.027386
0.027386
0.025627
0.025627
0.027107
0.027107
0.030205
0.030205
0.038694
0.038694
0.048971
0.048971
0.059586
0.059586
0.070494
0.070494
0.078354
0.078354
0.083079
0.083079
0.076989
0.076989
0.070095
0.070095
0.062527
0.062527
0.054501
0.054501
0.049399
0.049399
0.044277
0.044277
0.044562
0.044562
0.043908
0.043908
0.048130
0.048130
0.053717
0.053717
0.059416
0.059416
0.065543
0.065543
0.071518
0.071518
0.083295
0.083295
0.086764
0.086764
0.156896
0.156896
0.225733
0.225733
0.294310
0.294310
0.362601
0.362601
0.363935
0.363935
0.364334
0.364334
0.304296
0.304296
0.255479
0.255479
0.219614
0.219614
0.195097
0.195097
0.185099
0.185099
0.179683
0.179683
0.164843
0.164843
0.140160
0.140160
0.101178
0.101178
0.051100
0.051100
0.049610
0.049610
0.052692
0.052692
0.062197
0.062197
0.073975
0.073975
0.079833
0.079833
0.080443
0.080443
0.083404
0.083404
0.087298
0.087298
0.088263
0.088263
0.082160
0.082160
0.079073
0.079073
0.080453
0.080453
0.081669
0.081669
0.077116
0.077116
0.071529
0.071529
0.069454
0.069454
0.070630
0.070630
0.073573
0.073573
0.071486
0.071486
0.074721
0.074721
0.081110
0.081110
0.093657
0.093657
0.111351
0.111351
0.133491
0.133491
0.160666
0.160666
0.152023
0.152023
0.139974
0.139974
0.121073
0.121073
0.101077
0.101077
0.075752
0.075752
0.045510
0.045510
0.047122
0.047122
0.048275
0.048275
0.050779
0.050779
0.049927
0.049927
0.047588
0.047588
0.046009
0.046009
0.043090
0.043090
0.040907
0.040907
0.039348
0.039348
0.038503
0.038503
0.037110
0.037110
0.037309
0.037309
0.036852
0.036852
0.036582
0.036582
0.033169
0.033169
0.029023
0.029023
0.027533
0.027533
0.024592
0.024592
0.023323
0.023323
0.021874
0.021874
0.021688
0.021688
0.022272
0.022272
0.022409
0.022409
0.023227
0.023227
0.023029
0.023029
0.023163
0.023163
0.024050
0.024050
0.024720
0.024720
0.026255
0.026255
0.026001
0.026001
0.026163
0.026163
0.025704
0.025704
0.025196
0.025196
0.024227
0.024227
0.023023
0.023023
0.022915
0.022915
0.022631
0.022631
0.026734
0.026734
0.031335
0.031335
0.037440
0.037440
0.042500
0.042500
0.047228
0.047228
0.051953
0.051953
0.051441
0.051441
0.050554
0.050554
0.047694
0.047694
0.044770
0.044770
0.043879
0.043879
0.044659
0.044659
0.046768
0.046768
0.048906
0.048906
0.051889
0.051889
0.055257
0.055257
0.054764
0.054764
0.052650
0.052650
0.050464
0.050464
0.047880
0.047880
0.045871
0.045871
0.042666
0.042666
0.046170
0.046170
0.052632
0.052632
0.058930
0.058930
0.065787
0.065787
0.073067
0.073067
0.080909
0.080909
0.080426
0.080426
0.074315
0.074315
0.067771
0.067771
0.060285
0.060285
0.051728
0.051728
0.044858
0.044858
0.046842
0.046842
0.051659
0.051659
0.057665
0.057665
0.062644
0.062644
0.069718
0.069718
0.074048
0.074048
0.072504
0.072504
0.070800
0.070800
0.066618
0.066618
0.064488
0.064488
0.060787
0.060787
0.060164
0.060164
0.061542
0.061542
0.064082
0.064082
0.066856
0.066856
0.066555
0.066555
0.064206
0.064206
0.057575
0.057575
0.050469
0.050469
0.045131
0.045131
0.038512
0.038512
0.036083
0.036083
0.035914
0.035914
0.038557
0.038557
0.039234
0.039234
0.037161
0.037161
0.038219
0.038219
0.038206
0.038206
0.039892
0.039892
0.041686
0.041686
0.043941
0.043941
0.050906
0.050906
0.057443
0.057443
0.063125
0.063125
0.065943
0.065943
0.068736
0.068736
0.070999
0.070999
0.068833
0.068833
0.066368
0.066368
0.062228
0.062228
0.058049
0.058049
0.054015
0.054015
0.050762
0.050762
0.047422
0.047422
0.044100
0.044100
0.043030
0.043030
0.042929
0.042929
0.047414
0.047414
0.051912
0.051912
0.057999
0.057999
0.064749
0.064749
0.072627
0.072627
0.079997
0.079997
0.079399
0.079399
0.079711
0.079711
0.077600
0.077600
0.074516
0.074516
0.069015
0.069015
0.062520
0.062520
0.058773
0.058773
0.053066
0.053066
0.050578
0.050578
0.057849
0.057849
0.064954
0.064954
0.072687
0.072687
0.077779
0.077779
0.084546
0.084546
0.087228
0.087228
0.078900
0.078900
0.072687
0.072687
0.067946
0.067946
0.068750
0.068750
0.066601
0.066601
0.063058
0.063058
0.060618
0.060618
0.056091
0.056091
0.052573
0.052573
0.046783
0.046783
0.044140
0.044140
0.045662
0.045662
0.047186
0.047186
0.050706
0.050706
0.053701
0.053701
0.055427
0.055427
0.056642
0.056642
0.057510
0.057510
0.053324
0.053324
0.048359
0.048359
0.045271
0.045271
0.040919
0.040919
0.037615
0.037615
0.034551
0.034551
0.037032
0.037032
0.040120
0.040120
0.039263
0.039263
0.040160
0.040160
0.038239
0.038239
0.035134
0.035134
0.033972
0.033972
0.033197
0.033197
0.032245
0.032245
0.032733
0.032733
0.033968
0.033968
0.035103
0.035103
0.034077
0.034077
0.034280
0.034280
0.035313
0.035313
0.036063
0.036063
0.038600
0.038600
0.040989
0.040989
0.045196
0.045196
0.045494
0.045494
0.046644
0.046644
0.048734
0.048734
0.051377
0.051377
0.055773
0.055773
0.059045
0.059045
0.063389
0.063389
0.065107
0.065107
0.065738
0.065738
0.065062
0.065062
0.063072
0.063072
0.061356
0.061356
0.059739
0.059739
0.060186
0.060186
0.059679
0.059679
0.058200
0.058200
0.056780
0.056780
0.053684
0.053684
0.052376
0.052376
0.053195
0.053195
0.054349
0.054349
0.056719
0.056719
0.056865
0.056865
0.057286
0.057286
0.055348
0.055348
0.050285
0.050285
0.053779
0.053779
0.056238
0.056238
0.062384
0.062384
0.069722
0.069722
0.078679
0.078679
0.088326
0.088326
0.081050
0.081050
0.075077
0.075077
0.071629
0.071629
0.068603
0.068603
0.062021
0.062021
0.056161
0.056161
0.060740
0.060740
0.063193
0.063193
0.061436
0.061436
0.059227
0.059227
0.061057
0.061057
0.061852
0.061852
0.061004
0.061004
0.062543
0.062543
0.064842
0.064842
0.064031
0.064031
0.062261
0.062261
0.060782
0.060782
0.058586
0.058586
0.055916
0.055916
0.051185
0.051185
0.048411
0.048411
0.046191
0.046191
0.044398
0.044398
0.043118
0.043118
0.046747
0.046747
0.053839
0.053839
0.060293
0.060293
0.066129
0.066129
0.071134
0.071134
0.076314
0.076314
0.075015
0.075015
0.068500
0.068500
0.063860
0.063860
0.059470
0.059470
0.057720
0.057720
0.055784
0.055784
0.055166
0.055166
0.059238
0.059238
0.062342
0.062342
0.065095
0.065095
0.065874
0.065874
0.066437
0.066437
0.066958
0.066958
0.065928
0.065928
0.066019
0.066019
0.067307
0.067307
0.062515
0.062515
0.059844
0.059844
0.057299
0.057299
0.053159
0.053159
0.049499
0.049499
0.044077
0.044077
0.045094
0.045094
0.042703
0.042703
0.040297
0.040297
0.040476
0.040476
0.039433
0.039433
0.043069
0.043069
0.044679
0.044679
0.048078
0.048078
0.053943
0.053943
0.058709
0.058709
0.065101
0.065101
0.068439
0.068439
0.073663
0.073663
0.077153
0.077153
0.073809
0.073809
0.068744
0.068744
0.063591
0.063591
0.057204
0.057204
0.051326
0.051326
0.047227
0.047227
0.046893
0.046893
0.049802
0.049802
0.052398
0.052398
0.058047
0.058047
0.061381
0.061381
0.063980
0.063980
0.066892
0.066892
0.068370
0.068370
0.072443
0.072443
0.073026
0.073026
0.069563
0.069563
0.065372
0.065372
0.061122
0.061122
0.057693
0.057693
0.049285
0.049285
0.041307
0.041307
0.038970
0.038970
0.037623
0.037623
0.036492
0.036492
0.034686
0.034686
0.033496
0.033496
0.032557
0.032557
0.031804
0.031804
0.033841
0.033841
0.035508
0.035508
0.038844
0.038844
0.042603
0.042603
0.046940
0.046940
0.050378
0.050378
0.051678
0.051678
0.050762
0.050762
0.048504
0.048504
0.048036
0.048036
0.045930
0.045930
0.044276
0.044276
0.043151
0.043151
0.045195
0.045195
0.047987
0.047987
0.048511
0.048511
0.049186
0.049186
0.046499
0.046499
0.042912
0.042912
0.046330
0.046330
0.048194
0.048194
0.051179
0.051179
0.053493
0.053493
0.059201
0.059201
0.063962
0.063962
0.062000
0.062000
0.060855
0.060855
0.059959
0.059959
0.059831
0.059831
0.058410
0.058410
0.058351
0.058351
0.056836
0.056836
0.056694
0.056694
0.057139
0.057139
0.059183
0.059183
0.058702
0.058702
0.058062
0.058062
0.059061
0.059061
0.055709
0.055709
0.051280
0.051280
0.046265
0.046265
0.048141
0.048141
0.049148
0.049148
0.048621
0.048621
0.050745
0.050745
0.052666
0.052666
0.054068
0.054068
0.051630
0.051630
0.049209
0.049209
0.046638
0.046638
0.044887
0.044887
0.044639
0.044639
0.044936
0.044936
0.046144
0.046144
0.047755
0.047755
0.050320
0.050320
0.052093
0.052093
0.052432
0.052432
0.054816
0.054816
0.055491
0.055491
0.055942
0.055942
0.055852
0.055852
0.055301
0.055301
0.057928
0.057928
0.058564
0.058564
0.061740
0.061740
0.063727
0.063727
0.067053
0.067053
0.071832
0.071832
0.065935
0.065935
0.059834
0.059834
0.052440
0.052440
0.044857
0.044857
0.036355
0.036355
0.026915
0.026915
0.025452
0.025452
0.023469
0.023469
0.023581
0.023581
0.026267
0.026267
0.031928
0.031928
0.036901
0.036901
0.042448
0.042448
0.047716
0.047716
0.052345
0.052345
0.055893
0.055893
0.056665
0.056665
0.055275
0.055275
0.050814
0.050814
0.047001
0.047001
0.043572
0.043572
0.040524
0.040524
0.036827
0.036827
0.036022
0.036022
0.040788
0.040788
0.045622
0.045622
0.047226
0.047226
0.048575
0.048575
0.050197
0.050197
0.051084
0.051084
0.046226
0.046226
0.041496
0.041496
0.038632
0.038632
0.035690
0.035690
0.033141
0.033141
0.030013
0.030013
0.029824
0.029824
0.030677
0.030677
0.032106
0.032106
0.033631
0.033631
0.033762
0.033762
0.035247
0.035247
0.040393
0.040393
0.043687
0.043687
0.046590
0.046590
0.049487
0.049487
0.052773
0.052773
0.055987
0.055987
0.052264
0.052264
0.050665
0.050665
0.048897
0.048897
0.047996
0.047996
0.047386
0.047386
0.045348
0.045348
0.045935
0.045935
0.045561
0.045561
0.044890
0.044890
0.049134
0.049134
0.054017
0.054017
0.060258
0.060258
0.065139
0.065139
0.071138
0.071138
0.071610
0.071610
0.065832
0.065832
0.057764
0.057764
0.049297
0.049297
0.043561
0.043561
0.035502
0.035502
0.033542
0.033542
0.031829
0.031829
0.032199
0.032199
0.032835
0.032835
0.033503
0.033503
0.034971
0.034971
0.037242
0.037242
0.038970
0.038970
0.040938
0.040938
0.040894
0.040894
0.040261
0.040261
0.039032
0.039032
0.035704
0.035704
0.033592
0.033592
0.031489
0.031489
0.033401
0.033401
0.034096
0.034096
0.033869
0.033869
0.036206
0.036206
0.037256
0.037256
0.037939
0.037939
0.042862
0.042862
0.046400
0.046400
0.050164
0.050164
0.050575
0.050575
0.052707
0.052707
0.056219
0.056219
0.053478
0.053478
0.051579
0.051579
0.051178
0.051178
0.052274
0.052274
0.052834
0.052834
0.051208
0.051208
0.049516
0.049516
0.049581
0.049581
0.049252
0.049252
0.046579
0.046579
0.043516
0.043516
0.041717
0.041717
0.041148
0.041148
0.041453
0.041453
0.041740
0.041740
0.044093
0.044093
0.050308
0.050308
0.054119
0.054119
0.057513
0.057513
0.058828
0.058828
0.060664
0.060664
0.062374
0.062374
0.059244
0.059244
0.057559
0.057559
0.054676
0.054676
0.051030
0.051030
0.048221
0.048221
0.046173
0.046173
0.047868
0.047868
0.047858
0.047858
0.047733
0.047733
0.049066
0.049066
0.048049
0.048049
0.044431
0.044431
0.038344
0.038344
0.034807
0.034807
0.032927
0.032927
0.032515
0.032515
0.032965
0.032965
0.036181
0.036181
0.039347
0.039347
0.042583
0.042583
0.041769
0.041769
0.040258
0.040258
0.039218
0.039218
0.037039
0.037039
0.035405
0.035405
0.033377
0.033377
0.034550
0.034550
0.036185
0.036185
0.037120
0.037120
0.038532
0.038532
0.039326
0.039326
0.040445
0.040445
0.039063
0.039063
0.036750
0.036750
0.035454
0.035454
0.034611
0.034611
0.033985
0.033985
0.032944
0.032944
0.034502
0.034502
0.036129
0.036129
0.039581
0.039581
0.053065
0.053065
0.065909
0.065909
0.078947
0.078947
0.091677
0.091677
0.104242
0.104242
0.111073
0.111073
0.100483
0.100483
0.087171
0.087171
0.073600
0.073600
0.059302
0.059302
0.044886
0.044886
0.037300
0.037300
0.036021
0.036021
0.039760
0.039760
0.043301
0.043301
0.047621
0.047621
0.052635
0.052635
0.053170
0.053170
0.051677
0.051677
0.048374
0.048374
0.045785
0.045785
0.043315
0.043315
0.038853
0.038853
0.037681
0.037681
0.039445
0.039445
0.041332
0.041332
0.043520
0.043520
0.045822
0.045822
0.051907
0.051907
0.053373
0.053373
0.053973
0.053973
0.054835
0.054835
0.054721
0.054721
0.055405
0.055405
0.054160
0.054160
0.056165
0.056165
0.057949
0.057949
0.057179
0.057179
0.056191
0.056191
0.052491
0.052491
0.047917
0.047917
0.042473
0.042473
0.040851
0.040851
0.038523
0.038523
0.034972
0.034972
0.033442
0.033442
0.033057
0.033057
0.032009
0.032009
0.028866
0.028866
0.031550
0.031550
0.035126
0.035126
0.040062
0.040062
0.044329
0.044329
0.048278
0.048278
0.051473
0.051473
0.049030
0.049030
0.046720
0.046720
0.042934
0.042934
0.038612
0.038612
0.034676
0.034676
0.030134
0.030134
0.028260
0.028260
0.027546
0.027546
0.027311
0.027311
0.026759
0.026759
0.026769
0.026769
0.027907
0.027907
0.031026
0.031026
0.034879
0.034879
0.038974
0.038974
0.043003
0.043003
0.045455
0.045455
0.047678
0.047678
0.046617
0.046617
0.044988
0.044988
0.041792
0.041792
0.039246
0.039246
0.038964
0.038964
0.038460
0.038460
0.039575
0.039575
0.039125
0.039125
0.039545
0.039545
0.041424
0.041424
0.041340
0.041340
0.044488
0.044488
0.047458
0.047458
0.054062
0.054062
0.059422
0.059422
0.063283
0.063283
0.068331
0.068331
0.070357
0.070357
0.072762
0.072762
0.067940
0.067940
0.064431
0.064431
0.060989
0.060989
0.057705
0.057705
0.055624
0.055624
0.050852
0.050852
0.048767
0.048767
0.046818
0.046818
0.045142
0.045142
0.042851
0.042851
0.039516
0.039516
0.037617
0.037617
0.037281
0.037281
0.036658
0.036658
0.036052
0.036052
0.036232
0.036232
0.035294
0.035294
0.034441
0.034441
0.038957
0.038957
0.044241
0.044241
0.052587
0.052587
0.060650
0.060650
0.070456
0.070456
0.074375
0.074375
0.071239
0.071239
0.066075
0.066075
0.056908
0.056908
0.049718
0.049718
0.040913
0.040913
0.038260
0.038260
0.040132
0.040132
0.043532
0.043532
0.047240
0.047240
0.048771
0.048771
0.051375
0.051375
0.054501
0.054501
0.053156
0.053156
0.051419
0.051419
0.049980
0.049980
0.049545
0.049545
0.048700
0.048700
0.045681
0.045681
0.044860
0.044860
0.044407
0.044407
0.043908
0.043908
0.045854
0.045854
0.047459
0.047459
0.051148
0.051148
0.054391
0.054391
0.057939
0.057939
0.058083
0.058083
0.053739
0.053739
0.049923
0.049923
0.047520
0.047520
0.044909
0.044909
0.041783
0.041783
0.041247
0.041247
0.042218
0.042218
0.042986
0.042986
0.039874
0.039874
0.037044
0.037044
0.036944
0.036944
0.037567
0.037567
0.038173
0.038173
0.038546
0.038546
0.042378
0.042378
0.049449
0.049449
0.049459
0.049459
0.050016
0.050016
0.050847
0.050847
0.052275
0.052275
0.053660
0.053660
0.047928
0.047928
0.046437
0.046437
0.043971
0.043971
0.044580
0.044580
0.044538
0.044538
0.043817
0.043817
0.049307
0.049307
0.054789
0.054789
0.057572
0.057572
0.058474
0.058474
0.059234
0.059234
0.061163
0.061163
0.059005
0.059005
0.054347
0.054347
0.053224
0.053224
0.048674
0.048674
0.045298
0.045298
0.038979
0.038979
0.035662
0.035662
0.036025
0.036025
0.036773
0.036773
0.036060
0.036060
0.037049
0.037049
0.038074
0.038074
0.038821
0.038821
0.038247
0.038247
0.037568
0.037568
0.044842
0.044842
0.044233
0.044233
0.044380
0.044380
0.043540
0.043540
0.042317
0.042317
0.040057
0.040057
0.035383
0.035383
0.036328
0.036328
0.035584
0.035584
0.035014
0.035014
0.034618
0.034618
0.034380
0.034380
0.032223
0.032223
0.030132
0.030132
0.030117
0.030117
0.028966
0.028966
0.031714
0.031714
0.031533
0.031533
0.030840
0.030840
0.029995
0.029995
0.029654
0.029654
0.030615
0.030615
0.027293
0.027293
0.027799
0.027799
0.027853
0.027853
0.027903
0.027903
0.027325
0.027325
0.027354
0.027354
0.030373
0.030373
0.036313
0.036313
0.042626
0.042626
0.048472
0.048472
0.054377
0.054377
0.059514
0.059514
0.060964
0.060964
0.059707
0.059707
0.057662
0.057662
0.055271
0.055271
0.053921
0.053921
0.053561
0.053561
0.054240
0.054240
0.054032
0.054032
0.056049
0.056049
0.059126
0.059126
0.060823
0.060823
0.061695
0.061695
0.062420
0.062420
0.061399
0.061399
0.056367
0.056367
0.051166
0.051166
0.048958
0.048958
0.046322
0.046322
0.044244
0.044244
0.044186
0.044186
0.046157
0.046157
0.048575
0.048575
0.048691
0.048691
0.048870
0.048870
0.049801
0.049801
0.049676
0.049676
0.049162
0.049162
0.047830
0.047830
0.045812
0.045812
0.042928
0.042928
0.037971
0.037971
0.033716
0.033716
0.032463
0.032463
0.031219
0.031219
0.031333
0.031333
0.032416
0.032416
0.035815
0.035815
0.038484
0.038484
0.038853
0.038853
0.039282
0.039282
0.039384
0.039384
0.039475
0.039475
0.039246
0.039246
0.039894
0.039894
0.041311
0.041311
0.046226
0.046226
0.045542
0.045542
0.045851
0.045851
0.045011
0.045011
0.044898
0.044898
0.044456
0.044456
0.040466
0.040466
0.041330
0.041330
0.041189
0.041189
0.041460
0.041460
0.041161
0.041161
0.041263
0.041263
0.042447
0.042447
0.044034
0.044034
0.045370
0.045370
0.046111
0.046111
0.046626
0.046626
0.045405
0.045405
0.043405
0.043405
0.041527
0.041527
0.040466
0.040466
0.039973
0.039973
0.038906
0.038906
0.038440
0.038440
0.037654
0.037654
0.035972
0.035972
0.034420
0.034420
0.032745
0.032745
0.032044
0.032044
0.032217
0.032217
0.032327
0.032327
0.031932
0.031932
0.032374
0.032374
0.034066
0.034066
0.035472
0.035472
0.037949
0.037949
0.041035
0.041035
0.045827
0.045827
0.049439
0.049439
0.050279
0.050279
0.049388
0.049388
0.046400
0.046400
0.043555
0.043555
0.040856
0.040856
0.042275
0.042275
0.044017
0.044017
0.047047
0.047047
0.048993
0.048993
0.051100
0.051100
0.053100
0.053100
0.049043
0.049043
0.046872
0.046872
0.045668
0.045668
0.044886
0.044886
0.044257
0.044257
0.043016
0.043016
0.043830
0.043830
0.042555
0.042555
0.040379
0.040379
0.039999
0.039999
0.039113
0.039113
0.040223
0.040223
0.041237
0.041237
0.044653
0.044653
0.050656
0.050656
0.055531
0.055531
0.057384
0.057384
0.057811
0.057811
0.061007
0.061007
0.063279
0.063279
0.058471
0.058471
0.053049
0.053049
0.050961
0.050961
0.047690
0.047690
0.040889
0.040889
0.033237
0.033237
0.030920
0.030920
0.030014
0.030014
0.028404
0.028404
0.026674
0.026674
0.024816
0.024816
0.024270
0.024270
0.022637
0.022637
0.022550
0.022550
0.022459
0.022459
0.026139
0.026139
0.030806
0.030806
0.035786
0.035786
0.040696
0.040696
0.041627
0.041627
0.043300
0.043300
0.039978
0.039978
0.036894
0.036894
0.033381
0.033381
0.030561
0.030561
0.030048
0.030048
0.029310
0.029310
0.030959
0.030959
0.031723
0.031723
0.031893
0.031893
0.034327
0.034327
0.036438
0.036438
0.042627
0.042627
0.048509
0.048509
0.052313
0.052313
0.055424
0.055424
0.055629
0.055629
0.056997
0.056997
0.053223
0.053223
0.049600
0.049600
0.047679
0.047679
0.047619
0.047619
0.049081
0.049081
0.050741
0.050741
0.052373
0.052373
0.052659
0.052659
0.052415
0.052415
0.053882
0.053882
0.052936
0.052936
0.051230
0.051230
0.050393
0.050393
0.050247
0.050247
0.048583
0.048583
0.045291
0.045291
0.042743
0.042743
0.040564
0.040564
0.039744
0.039744
0.037236
0.037236
0.036751
0.036751
0.036359
0.036359
0.037119
0.037119
0.037310
0.037310
0.035431
0.035431
0.035672
0.035672
0.042231
0.042231
0.047330
0.047330
0.052510
0.052510
0.056946
0.056946
0.062011
0.062011
0.066481
0.066481
0.063422
0.063422
0.060757
0.060757
0.057223
0.057223
0.054871
0.054871
0.052378
0.052378
0.048346
0.048346
0.045036
0.045036
0.041396
0.041396
0.039716
0.039716
0.036044
0.036044
0.033659
0.033659
0.035706
0.035706
0.038799
0.038799
0.044491
0.044491
0.047906
0.047906
0.053559
0.053559
0.057213
0.057213
0.058544
0.058544
0.056479
0.056479
0.052874
0.052874
0.049895
0.049895
0.047699
0.047699
0.045070
0.045070
0.041456
0.041456
0.041001
0.041001
0.040219
0.040219
0.042695
0.042695
0.046300
0.046300
0.049871
0.049871
0.055096
0.055096
0.059575
0.059575
0.063866
0.063866
0.063978
0.063978
0.059041
0.059041
0.053075
0.053075
0.047972
0.047972
0.043625
0.043625
0.040258
0.040258
0.037419
0.037419
0.036935
0.036935
0.038822
0.038822
0.039432
0.039432
0.041240
0.041240
0.042541
0.042541
0.046664
0.046664
0.049760
0.049760
0.058874
0.058874
0.067128
0.067128
0.074102
0.074102
0.079983
0.079983
0.082577
0.082577
0.085146
0.085146
0.080008
0.080008
0.075260
0.075260
0.072847
0.072847
0.071043
0.071043
0.071562
0.071562
0.071987
0.071987
0.073771
0.073771
0.075345
0.075345
0.072264
0.072264
0.069583
0.069583
0.063089
0.063089
0.057569
0.057569
0.052046
0.052046
0.046799
0.046799
0.043999
0.043999
0.041753
0.041753
0.041694
0.041694
0.042465
0.042465
0.041173
0.041173
0.043958
0.043958
0.046733
0.046733
0.051515
0.051515
0.055851
0.055851
0.058832
0.058832
0.060925
0.060925
0.062542
0.062542
0.064543
0.064543
0.064700
0.064700
0.065970
0.065970
0.068427
0.068427
0.072331
0.072331
0.070609
0.070609
0.069594
0.069594
0.067728
0.067728
0.063826
0.063826
0.059212
0.059212
0.055817
0.055817
0.054486
0.054486
0.050350
0.050350
0.046113
0.046113
0.044057
0.044057
0.042478
0.042478
0.042034
0.042034
0.042248
0.042248
0.044267
0.044267
0.046063
0.046063
0.048104
0.048104
0.047833
0.047833
0.048327
0.048327
0.052820
0.052820
0.060098
0.060098
0.062715
0.062715
0.069361
0.069361
0.078168
0.078168
0.082417
0.082417
0.089251
0.089251
0.086772
0.086772
0.088807
0.088807
0.089115
0.089115
0.089332
0.089332
0.092128
0.092128
0.088467
0.088467
0.090766
0.090766
0.092061
0.092061
0.093860
0.093860
0.092672
0.092672
0.089261
0.089261
0.084321
0.084321
0.080561
0.080561
0.077520
0.077520
0.069297
0.069297
0.064825
0.064825
0.062623
0.062623
0.058966
0.058966
0.054488
0.054488
0.051576
0.051576
0.053559
0.053559
0.054976
0.054976
0.058019
0.058019
0.063765
0.063765
0.068861
0.068861
0.068144
0.068144
0.064147
0.064147
0.064141
0.064141
0.059523
0.059523
0.055938
0.055938
0.053475
0.053475
0.056530
0.056530
0.058936
0.058936
0.055817
0.055817
0.056267
0.056267
0.054840
0.054840
0.055735
0.055735
0.060746
0.060746
0.066426
0.066426
0.073784
0.073784
0.080462
0.080462
0.088198
0.088198
0.094258
0.094258
0.088996
0.088996
0.084585
0.084585
0.080228
0.080228
0.073993
0.073993
0.067286
0.067286
0.059533
0.059533
0.057813
0.057813
0.054905
0.054905
0.051533
0.051533
0.050998
0.050998
0.048246
0.048246
0.045209
0.045209
0.050384
0.050384
0.056090
0.056090
0.062207
0.062207
0.062084
0.062084
0.065131
0.065131
0.068263
0.068263
0.057961
0.057961
0.047683
0.047683
0.037478
0.037478
0.034325
0.034325
0.032609
0.032609
0.031367
0.031367
0.036471
0.036471
0.041377
0.041377
0.047374
0.047374
0.049791
0.049791
0.046966
0.046966
0.044776
0.044776
0.041822
0.041822
0.038904
0.038904
0.037812
0.037812
0.041765
0.041765
0.049005
0.049005
0.055231
0.055231
0.061640
0.061640
0.062824
0.062824
0.060811
0.060811
0.056035
0.056035
0.050797
0.050797
0.046974
0.046974
0.042769
0.042769
0.044559
0.044559
0.045444
0.045444
0.045638
0.045638
0.045652
0.045652
0.044307
0.044307
0.044855
0.044855
0.043822
0.043822
0.043289
0.043289
0.048820
0.048820
0.054991
0.054991
0.061227
0.061227
0.063574
0.063574
0.067100
0.067100
0.067536
0.067536
0.063032
0.063032
0.056157
0.056157
0.049156
0.049156
0.042831
0.042831
0.038926
0.038926
0.038961
0.038961
0.038753
0.038753
0.039980
0.039980
0.041445
0.041445
0.044200
0.044200
0.041613
0.041613
0.043115
0.043115
0.039401
0.039401
0.038104
0.038104
0.038816
0.038816
0.039107
0.039107
0.042550
0.042550
0.040237
0.040237
0.041626
0.041626
0.039871
0.039871
0.036775
0.036775
0.033591
0.033591
0.031201
0.031201
0.029650
0.029650
0.028364
0.028364
0.036749
0.036749
0.043051
0.043051
0.056665
0.056665
0.068907
0.068907
0.084338
0.084338
0.093111
0.093111
0.090218
0.090218
0.088526
0.088526
0.080872
0.080872
0.075837
0.075837
0.069392
0.069392
0.068645
0.068645
0.067743
0.067743
0.070811
0.070811
0.072694
0.072694
0.071812
0.071812
0.069085
0.069085
0.067892
0.067892
0.070314
0.070314
0.069557
0.069557
0.070039
0.070039
0.070143
0.070143
0.070246
0.070246
0.072658
0.072658
0.069521
0.069521
0.069740
0.069740
0.069518
0.069518
0.069802
0.069802
0.070924
0.070924
0.069867
0.069867
0.073244
0.073244
0.071225
0.071225
0.074288
0.074288
0.073444
0.073444
0.070837
0.070837
0.068781
0.068781
0.067715
0.067715
0.067990
0.067990
0.060167
0.060167
0.055878
0.055878
0.050715
0.050715
0.046456
0.046456
0.042679
0.042679
0.038551
0.038551
0.037487
0.037487
0.036429
0.036429
0.037939
0.037939
0.041781
0.041781
0.046238
0.046238
0.050217
0.050217
0.053813
0.053813
0.056029
0.056029
0.060326
0.060326
0.062639
0.062639
0.063917
0.063917
0.066346
0.066346
0.068420
0.068420
0.068857
0.068857
0.064341
0.064341
0.058377
0.058377
0.053349
0.053349
0.047048
0.047048
0.040883
0.040883
0.037460
0.037460
0.037196
0.037196
0.036979
0.036979
0.036071
0.036071
0.038378
0.038378
0.041415
0.041415
0.047028
0.047028
0.052537
0.052537
0.057782
0.057782
0.063160
0.063160
0.066208
0.066208
0.068882
0.068882
0.069357
0.069357
0.068204
0.068204
0.065554
0.065554
0.058321
0.058321
0.050719
0.050719
0.044272
0.044272
0.038612
0.038612
0.035034
0.035034
0.032772
0.032772
0.034882
0.034882
0.038362
0.038362
0.041283
0.041283
0.045575
0.045575
0.047870
0.047870
0.051128
0.051128
0.053074
0.053074
0.053778
0.053778
0.053551
0.053551
0.053946
0.053946
0.055746
0.055746
0.057185
0.057185
0.059546
0.059546
0.062762
0.062762
0.066824
0.066824
0.066807
0.066807
0.065988
0.065988
0.065549
0.065549
0.064931
0.064931
0.063938
0.063938
0.062865
0.062865
0.062257
0.062257
0.063141
0.063141
0.062821
0.062821
0.062995
0.062995
0.062684
0.062684
0.062871
0.062871
0.064268
0.064268
0.061848
0.061848
0.059107
0.059107
0.056853
0.056853
0.054338
0.054338
0.051242
0.051242
0.048231
0.048231
0.046770
0.046770
0.047472
0.047472
0.047399
0.047399
0.048875
0.048875
0.049631
0.049631
0.049752
0.049752
0.050632
0.050632
0.049887
0.049887
0.048964
0.048964
0.047894
0.047894
0.047367
0.047367
0.046140
0.046140
0.046404
0.046404
0.044975
0.044975
0.042792
0.042792
0.040247
0.040247
0.037798
0.037798
0.036473
0.036473
0.033918
0.033918
0.033812
0.033812
0.035518
0.035518
0.036081
0.036081
0.036165
0.036165
0.036049
0.036049
0.036398
0.036398
0.036532
0.036532
0.035644
0.035644
0.035019
0.035019
0.034854
0.034854
0.034271
0.034271
0.033614
0.033614
0.033540
0.033540
0.037833
0.037833
0.042432
0.042432
0.047836
0.047836
0.051263
0.051263
0.054950
0.054950
0.059303
0.059303
0.058129
0.058129
0.058656
0.058656
0.058012
0.058012
0.065845
0.065845
0.071842
0.071842
0.076518
0.076518
0.080857
0.080857
0.080546
0.080546
0.078483
0.078483
0.071503
0.071503
0.067330
0.067330
0.063756
0.063756
0.061981
0.061981
0.060396
0.060396
0.059759
0.059759
0.059368
0.059368
0.057811
0.057811
0.056234
0.056234
0.057102
0.057102
0.060944
0.060944
0.065567
0.065567
0.065470
0.065470
0.068164
0.068164
0.066016
0.066016
0.060914
0.060914
0.056112
0.056112
0.050457
0.050457
0.047792
0.047792
0.043107
0.043107
0.043341
0.043341
0.042202
0.042202
0.041544
0.041544
0.042760
0.042760
0.044539
0.044539
0.044477
0.044477
0.044401
0.044401
0.046645
0.046645
0.048512
0.048512
0.049502
0.049502
0.052133
0.052133
0.055200
0.055200
0.058291
0.058291
0.061639
0.061639
0.064354
0.064354
0.066581
0.066581
0.064783
0.064783
0.062844
0.062844
0.060736
0.060736
0.056116
0.056116
0.050816
0.050816
0.045177
0.045177
0.042027
0.042027
0.040057
0.040057
0.039055
0.039055
0.040810
0.040810
0.045314
0.045314
0.050654
0.050654
0.056920
0.056920
0.061628
0.061628
0.064896
0.064896
0.064862
0.064862
0.063768
0.063768
0.062265
0.062265
0.059838
0.059838
0.063042
0.063042
0.065993
0.065993
0.069941
0.069941
0.071622
0.071622
0.073056
0.073056
0.074876
0.074876
0.070893
0.070893
0.067218
0.067218
0.064933
0.064933
0.064477
0.064477
0.064435
0.064435
0.063629
0.063629
0.063818
0.063818
0.064094
0.064094
0.062947
0.062947
0.058053
0.058053
0.053263
0.053263
0.049996
0.049996
0.046570
0.046570
0.043197
0.043197
0.039631
0.039631
0.039894
0.039894
0.039511
0.039511
0.037809
0.037809
0.037922
0.037922
0.037406
0.037406
0.039670
0.039670
0.041407
0.041407
0.044527
0.044527
0.048073
0.048073
0.049993
0.049993
0.051583
0.051583
0.053538
0.053538
0.054915
0.054915
0.055296
0.055296
0.054837
0.054837
0.054974
0.054974
0.055766
0.055766
0.055005
0.055005
0.054052
0.054052
0.053500
0.053500
0.052431
0.052431
0.051865
0.051865
0.050210
0.050210
0.048432
0.048432
0.046542
0.046542
0.044828
0.044828
0.043630
0.043630
0.041527
0.041527
0.043313
0.043313
0.044849
0.044849
0.048911
0.048911
0.052566
0.052566
0.056155
0.056155
0.059300
0.059300
0.058011
0.058011
0.056529
0.056529
0.056346
0.056346
0.056255
0.056255
0.058934
0.058934
0.061430
0.061430
0.065223
0.065223
0.066546
0.066546
0.064509
0.064509
0.059964
0.059964
0.052609
0.052609
0.045866
0.045866
0.039460
0.039460
0.036382
0.036382
0.033372
0.033372
0.033282
0.033282
0.033558
0.033558
0.036534
0.036534
0.039904
0.039904
0.042617
0.042617
0.046257
0.046257
0.050441
0.050441
0.052982
0.052982
0.052092
0.052092
0.051211
0.051211
0.050386
0.050386
0.049015
0.049015
0.045711
0.045711
0.049953
0.049953
0.054495
0.054495
0.057452
0.057452
0.061380
0.061380
0.063358
0.063358
0.070225
0.070225
0.066333
0.066333
0.062639
0.062639
0.060949
0.060949
0.057982
0.057982
0.056312
0.056312
0.049016
0.049016
0.047015
0.047015
0.045570
0.045570
0.042433
0.042433
0.038826
0.038826
0.036733
0.036733
0.037817
0.037817
0.038436
0.038436
0.039654
0.039654
0.042979
0.042979
0.047535
0.047535
0.051557
0.051557
0.052268
0.052268
0.049687
0.049687
0.047203
0.047203
0.043271
0.043271
0.038321
0.038321
0.035437
0.035437
0.034575
0.034575
0.036953
0.036953
0.038491
0.038491
0.041649
0.041649
0.045056
0.045056
0.045694
0.045694
0.046904
0.046904
0.049431
0.049431
0.051247
0.051247
0.053051
0.053051
0.053457
0.053457
0.052704
0.052704
0.050134
0.050134
0.046299
0.046299
0.044535
0.044535
0.041782
0.041782
0.040456
0.040456
0.042386
0.042386
0.044896
0.044896
0.050475
0.050475
0.054469
0.054469
0.057125
0.057125
0.057473
0.057473
0.054681
0.054681
0.051181
0.051181
0.048526
0.048526
0.045898
0.045898
0.043859
0.043859
0.044482
0.044482
0.046048
0.046048
0.048369
0.048369
0.046430
0.046430
0.044163
0.044163
0.042352
0.042352
0.040958
0.040958
0.043002
0.043002
0.046875
0.046875
0.051200
0.051200
0.056324
0.056324
0.060633
0.060633
0.064111
0.064111
0.063251
0.063251
0.060350
0.060350
0.056378
0.056378
0.051938
0.051938
0.048351
0.048351
0.047017
0.047017
0.045362
0.045362
0.044303
0.044303
0.043621
0.043621
0.044281
0.044281
0.047342
0.047342
0.049380
0.049380
0.052650
0.052650
0.056673
0.056673
0.066043
0.066043
0.072193
0.072193
0.075178
0.075178
0.077387
0.077387
0.077563
0.077563
0.077093
0.077093
0.075993
0.075993
0.075752
0.075752
0.075889
0.075889
0.075147
0.075147
0.075625
0.075625
0.076914
0.076914
0.074401
0.074401
0.070668
0.070668
0.068422
0.068422
0.068107
0.068107
0.063432
0.063432
0.058387
0.058387
0.052736
0.052736
0.049190
0.049190
0.044300
0.044300
0.038849
0.038849
0.037788
0.037788
0.036925
0.036925
0.037686
0.037686
0.038379
0.038379
0.040754
0.040754
0.045254
0.045254
0.051415
0.051415
0.056819
0.056819
0.060649
0.060649
0.063700
0.063700
0.064724
0.064724
0.058748
0.058748
0.053878
0.053878
0.048244
0.048244
0.042662
0.042662
0.045289
0.045289
0.048574
0.048574
0.055490
0.055490
0.059984
0.059984
0.065075
0.065075
0.069716
0.069716
0.065258
0.065258
0.061205
0.061205
0.055559
0.055559
0.050656
0.050656
0.044837
0.044837
0.040502
0.040502
0.037682
0.037682
0.033223
0.033223
0.030731
0.030731
0.031493
0.031493
0.034602
0.034602
0.037590
0.037590
0.041852
0.041852
0.045254
0.045254
0.049463
0.049463
0.050198
0.050198
0.049669
0.049669
0.051583
0.051583
0.051781
0.051781
0.054333
0.054333
0.054933
0.054933
0.056380
0.056380
0.058002
0.058002
0.059415
0.059415
0.061200
0.061200
0.064623
0.064623
0.071181
0.071181
0.077898
0.077898
0.083676
0.083676
0.088221
0.088221
0.096513
0.096513
0.095809
0.095809
0.097429
0.097429
0.097233
0.097233
0.101891
0.101891
0.101465
0.101465
0.098733
0.098733
0.102653
0.102653
0.096255
0.096255
0.103432
0.103432
0.094457
0.094457
0.088624
0.088624
0.082504
0.082504
0.075288
0.075288
0.074607
0.074607
0.057755
0.057755
0.056044
0.056044
0.055349
0.055349
0.053704
0.053704
0.053164
0.053164
0.049841
0.049841
0.050409
0.050409
0.048703
0.048703
0.045960
0.045960
0.042958
0.042958
0.040766
0.040766
0.040582
0.040582
0.039713
0.039713
0.037482
0.037482
0.038243
0.038243
0.040146
0.040146
0.043317
0.043317
0.047048
0.047048
0.052073
0.052073
0.058118
0.058118
0.062256
0.062256
0.063949
0.063949
0.063929
0.063929
0.064423
0.064423
0.060111
0.060111
0.055742
0.055742
0.051536
0.051536
0.049294
0.049294
0.052708
0.052708
0.055578
0.055578
0.061927
0.061927
0.066594
0.066594
0.070396
0.070396
0.075238
0.075238
0.075909
0.075909
0.076931
0.076931
0.080089
0.080089
0.085809
0.085809
0.090115
0.090115
0.086964
0.086964
0.081345
0.081345
0.074906
0.074906
0.066225
0.066225
0.060992
0.060992
0.053915
0.053915
0.052954
0.052954
0.057566
0.057566
0.061553
0.061553
0.066394
0.066394
0.064576
0.064576
0.065582
0.065582
0.067087
0.067087
0.066003
0.066003
0.066068
0.066068
0.066226
0.066226
0.068729
0.068729
0.070647
0.070647
0.070634
0.070634
0.070109
0.070109
0.066935
0.066935
0.065334
0.065334
0.063444
0.063444
0.064671
0.064671
0.066136
0.066136
0.068094
0.068094
0.068598
0.068598
0.067796
0.067796
0.067035
0.067035
0.069773
0.069773
0.073055
0.073055
0.071255
0.071255
0.073344
0.073344
0.077768
0.077768
0.084370
0.084370
0.084731
0.084731
0.083820
0.083820
0.087199
0.087199
0.093244
0.093244
0.097243
0.097243
0.095560
0.095560
